$ 1 0.000005 10.20027730826997 50 5 43 5e-11
153 240 48 352 48 0 2 5 5
153 272 208 368 208 0 2 5 5
153 480 128 592 128 0 2 5 5
153 368 224 480 224 0 2 0 5
151 384 64 480 64 0 3 0 5
g 272 224 272 240 0 0
w 480 112 480 64 0
w 480 144 480 224 0
164 16 -112 48 -112 0 8 0 0 0 0 0 0 0 0 false 0
w 384 48 352 48 0
w 112 -48 240 -48 0
w 240 -48 240 32 0
w 240 64 224 64 0
w 224 64 224 -80 0
w 224 -80 112 -80 0
w 112 -16 368 -16 0
w 368 -16 368 64 0
w 368 64 384 64 0
w 192 16 192 272 0
w 192 272 368 272 0
w 368 272 368 240 0
w 272 192 160 192 0
w 160 192 160 48 0
R 16 -112 -32 -112 0 2 100 5 0 0 0.5
s 272 144 368 144 0 0 false
w 368 144 384 80 0
R 272 144 272 112 0 0 40 5 0 0 0.5
w 192 16 112 16 0
w 160 48 112 48 0
